[[-0.8770396,0.46785074]
,[-2.0734756,0.5788621]]
[[0.03564249,-0.8389826]
,[1.3759103,-0.10396077]]
[[-0.5717326,0.16700901]
,[-2.7844584,-0.6722191]]
[[0.4810153,-1.8681314]
,[-1.6092118,-0.55382115]]
[[-0.4371216,-0.4999906]
,[0.25477704,-0.35849953]]
[[-0.16660886,-0.12015068]
,[1.3223075,0.22777905]]
[[-0.59685993,0.92695266]
,[0.52318305,-2.515097]]
[[-0.22910705,0.15859139]
,[0.44903597,-0.68619615]]
[[-0.14299954,-0.6655312]
,[-0.10941476,-0.37940642]]
[[-2.2397552,-1.1384376]
,[0.76299196,0.44662064]]
[[0.8541978,-1.3596112]
,[1.1442605,-0.86924285]]
[[0.16018607,-1.4345932]
,[0.0917255,-2.0808926]]
[[-0.6152275,-0.07277215]
,[0.6790217,-0.2910915]]
[[1.941313,0.7682566]
,[-0.8556656,-1.5268489]]
[[0.6422447,0.02061539]
,[-0.75759375,-0.6625409]]
[[-0.80539364,-1.608162]
,[0.13767564,-0.6719417]]
[[0.09253708,-0.04569472]
,[1.7657597,0.31823474]]
[[0.6409851,-2.017399]
,[-1.5966374,0.17942448]]
[[1.247522,0.15550178]
,[1.4774383,-0.15064035]]
[[0.8310056,0.16738354]
,[-1.7043269,1.6796184]]
[[0.87808466,1.3655989]
,[0.91793156,-0.4654879]]
[[1.6754112,0.26355204]
,[-0.61203736,0.71900034]]
[[-0.31929824,0.19950314]
,[-0.21967721,-0.44985333]]
[[-0.18768223,0.71860945]
,[0.9863197,-0.04135848]]
[[-0.8726469,-1.1125847]
,[-1.2312579,-2.2865934]]
[[-1.1347764,0.7604453]
,[0.21085763,-1.1461405]]
[[0.20894425,-1.7451863]
,[0.6160865,-0.39214867]]
[[0.24781333,0.11107863]
,[0.03399767,-1.3978856]]
[[-0.8989121,1.0304122]
,[0.18905844,-0.34043378]]
[[-0.8951051,-1.7924334]
,[-0.6536758,0.5925429]]
[[-0.9042196,-0.06824995]
,[0.45986772,0.01664503]]
[[0.2233656,0.68327343]
,[0.7643113,0.4088471]]
[[0.24326964,-1.5923771]
,[-1.0136603,2.6884496]]
[[1.0991448,0.3785283]
,[-0.27692527,-1.3042153]]
[[0.4086708,-0.83545905]
,[-0.00912606,-1.6775653]]
[[0.5449297,-1.5165737]
,[0.36711296,-0.28443578]]
[[1.6854864,0.6473705]
,[-0.73000056,-1.456995]]
[[0.13667405,0.528783]
,[0.7706568,0.7480799]]
[[-0.2968107,-0.48441175]
,[0.62749857,-0.04900711]]
[[-1.8639729,0.15393905]
,[2.2202246,1.709479]]
[[-1.4526834,-0.77677584]
,[-1.2955667,0.26088408]]
[[-0.19145614,-1.1410444]
,[1.2959133,-2.144824]]
[[1.3909694,-0.93460256]
,[1.186314,-0.78436255]]
[[0.4795282,0.3766919]
,[-0.24009135,0.6081833]]
[[0.5554899,-0.828034]
,[-0.9739078,0.8324191]]
[[-1.8420922,0.35099137]
,[1.035901,0.5066249]]
[[-0.7444499,-0.82028824]
,[0.79862607,0.12992899]]
[[0.2342665,0.28593412]
,[-0.7974338,0.20201696]]
[[0.9590911,-0.21253918]
,[0.36722264,0.7786236]]
[[1.0446881,-0.2886394]
,[-0.24182156,-0.8588636]]
[[0.44447747,-1.410354]
,[-0.52354616,1.6912194]]
[[0.25952977,0.12961353]
,[0.10742384,-1.5519263]]
[[-0.8026805,0.21734998]
,[-0.03045188,0.11663449]]
[[0.6041053,0.25803456]
,[1.2827336,1.8141391]]
[[0.6907118,-0.308589]
,[0.6873601,0.43435147]]
[[0.08239783,0.71215373]
,[-0.38213357,0.01353549]]
[[-1.8772845,0.12493366]
,[-0.8002787,-0.51907396]]
[[0.11395962,-0.19298273]
,[-0.4248481,0.20079388]]
[[-1.117415,1.0746148]
,[0.73866343,1.2648579]]
[[-0.32172096,1.0350062]
,[-0.7285417,-1.8421019]]
[[-0.68864423,-0.38497785]
,[0.3548109,1.4811683]]
[[1.2041928,1.9000306]
,[0.85705274,-0.03779343]]
[[-1.7184175,-0.75475657]
,[0.23390792,0.29358128]]
[[-0.84322184,-0.02921735]
,[-0.3969146,-0.0098879]]
[[-0.14079517,2.4002657]
,[-0.06641352,-0.90226275]]
[[-1.4649469,0.10345181]
,[-0.3601345,0.10868221]]
[[-1.0691152,0.8375706]
,[0.09853444,-0.47745812]]
[[-0.42758098,-0.5782701]
,[-0.22040313,0.95808053]]
[[0.55147225,-0.0600659]
,[0.90518993,-1.685214]]
[[0.774924,0.03025173]
,[1.3350224,-1.1652412]]
[[-0.21580611,1.0711026]
,[1.9323169,-1.0571494]]
[[-1.1115144,-0.67472947]
,[0.88670564,-1.4564917]]
[[-1.1747538,0.615924]
,[-2.3473003,1.7588867]]
[[-0.86820906,0.03414037]
,[-0.0151736,0.88632125]]
[[0.37053046,1.2366838]
,[1.078605,-0.603073]]
[[-1.9762785,-0.67843753]
,[2.088686,0.50513583]]
[[0.79143673,0.6515376]
,[-0.9329818,0.45335066]]
[[0.26361114,1.7953537]
,[-0.80683035,-1.0515695]]
[[-0.6182471,1.120426]
,[0.08540476,0.93517196]]
[[-0.1197257,-0.10594754]
,[-1.2474118,0.78998977]]
[[-0.15455633,0.12177424]
,[0.6517565,-0.7026652]]
[[-0.6540011,0.3572136]
,[-0.04561726,0.9771635]]
[[1.9848548,-0.85925555]
,[-0.9042203,-1.4543133]]
[[-0.10372435,-2.321435]
,[0.30893472,-0.37208772]]
[[-1.527185,-1.3501914]
,[-0.5548339,1.2946352]]
[[1.5098954,1.7941711]
,[-0.26819682,0.7040521]]
[[1.1045395,-0.15673058]
,[-0.18896757,1.3873391]]
[[1.458257,-0.26150352]
,[0.05072467,0.6727413]]
[[-0.9291576,1.0295537]
,[0.5029453,0.5947836]]
[[1.4564514,-0.11023634]
,[-0.01000397,0.4348739]]
[[-0.49066138,0.6190661]
,[1.583597,-1.1277322]]
[[1.5489459,1.8359802]
,[0.24916285,-1.0527952]]
[[1.0164095,-0.0834754]
,[0.1741758,-2.171396]]
[[-2.5420067,-1.8665228]
,[0.11945804,0.8168285]]
[[-0.6928819,1.3092332]
,[-0.6318222,-2.370633]]
[[0.21251144,0.6103284]
,[1.2980586,0.5984098]]
[[0.30524027,1.6625258]
,[1.6731927,-0.27572915]]
[[-0.6941517,2.395539]
,[0.3951745,0.06434209]]
[[-1.7193422,-0.42708594]
,[0.04760158,-1.3539443]]
[[0.518422,-1.481332]
,[-0.38025737,-0.97642565]]
[[-2.1391673,0.00607685]
,[0.08360448,-0.88018256]]
[[0.9403702,-0.29344234]
,[-1.0044769,-0.45976374]]
[[0.22190112,-0.09879392]
,[-1.3981285,0.80895805]]
[[-0.6586282,0.5650638]
,[0.14707673,1.1746105]]
[[0.59300816,0.5937824]
,[-0.35610837,0.43452424]]
[[-1.3381685,1.6212485]
,[-0.1508331,0.36370242]]
[[0.12745984,1.9008989]
,[-0.7248061,1.6362275]]
[[-0.98839754,-1.3258882]
,[-1.3804215,0.35193112]]
[[-1.7268722,-0.07637561]
,[1.0085285,1.7092254]]
[[0.59957194,-0.9344892]
,[-0.12256807,-0.0292916]]
[[-1.4806983,0.4534689]
,[-0.891509,2.1275144]]
[[1.7993314,2.8085766]
,[-1.0840745,-0.7700212]]
[[-2.451921,-0.649859]
,[2.4368694,1.5443736]]
[[-1.110824,0.06880337]
,[0.22808494,0.85467905]]
[[-0.05648248,-0.36272317]
,[-0.9842907,0.1231997]]
[[-1.8952225,0.26384294]
,[-0.21506272,1.4908676]]
[[0.14526771,1.1232578]
,[0.20978755,1.3146408]]
[[-0.4811012,0.9683856]
,[0.94106793,-2.0132189]]
[[1.1979699,0.24015293]
,[-2.0082893,-1.9345672]]
[[0.6720909,0.9908156]
,[0.19314349,1.1164073]]
[[-2.7805994,0.80768275]
,[0.3700422,-0.9117593]]
[[0.03535668,-1.2916452]
,[0.15669957,0.03748152]]
[[0.85882896,0.8555205]
,[-1.193711,0.36515737]]
[[0.21167268,0.8119845]
,[-2.1755705,-0.3559621]]
[[-1.1920389,1.2130259]
,[0.42380095,1.1572782]]
[[0.16884461,-0.17545478]
,[-0.7049232,-1.9825199]]
[[-0.07731025,-0.49028224]
,[-1.1242905,-1.1481766]]
[[0.2715499,1.7360562]
,[0.5828779,-0.5573827]]
[[-0.281563,-0.17396738]
,[-0.31558076,0.07787075]]
[[-0.37564656,-0.26628652]
,[1.6453811,-0.263231]]
[[0.53850377,1.610807]
,[0.84223396,1.8441861]]
[[-0.8709262,-0.87855965]
,[0.25637472,-1.8591901]]
[[1.3313628,0.45071992]
,[0.84251857,-0.09295479]]
[[-1.5601413,-0.65520597]
,[-1.4966896,-1.3964107]]
[[0.5960558,1.248495]
,[-0.02554754,-0.7097823]]
[[-0.08449955,-0.37254557]
,[-0.40892878,-0.7333647]]
[[0.42244452,-0.6421752]
,[0.02221226,-0.07643782]]
[[-1.1865844,-0.44809413]
,[-1.4995077,-1.0581071]]
[[1.9587138,-0.26726705]
,[-0.22879294,-0.45144552]]
[[-0.49368358,-1.0111872]
,[-2.6661885,-1.2714779]]
[[0.06266345,1.0888808]
,[1.2254386,-0.48006845]]
[[0.28181425,-0.53177506]
,[-0.06888138,0.0952668]]
[[-0.40148795,-2.0401788]
,[-0.5835081,-0.80772316]]
[[1.1631895,1.4240729]
,[-0.8209312,1.1454296]]
[[0.06884638,1.8308587]
,[-0.89013994,-0.838136]]
[[-0.37363166,-0.26832587]
,[-1.5425508,0.19052209]]
[[0.07214042,0.08211669]
,[1.1637467,1.8395803]]
[[1.6759721,-0.53705305]
,[1.2499849,-0.20237559]]
[[-1.7832062,0.04120705]
,[-1.2098954,-1.2483835]]
[[-0.10454912,-0.02275301]
,[-0.7826011,-0.02962966]]
[[-0.00472932,-0.3857041]
,[-0.41162688,-2.5155647]]
[[1.5347757,0.06479717]
,[0.64435637,-0.07320429]]
[[-0.5969183,0.37491903]
,[-0.30058372,-0.5320527]]
[[0.02462283,0.20124704]
,[0.7376526,-0.57079995]]
[[-0.37172905,-1.3066268]
,[1.6290423,1.014668]]
[[1.4369038,-0.02658434]
,[0.7763602,0.2550312]]
[[-0.892298,-0.14797854]
,[2.4236588,-0.83348715]]
[[0.23314777,-0.58614147]
,[0.22212704,-1.2386341]]
[[0.02886733,1.2423824]
,[0.6816852,-1.2001528]]
[[-1.2398875,0.21311907]
,[1.6051931,-1.1520132]]
[[0.11791807,-0.41705748]
,[-0.02303706,-0.25730187]]
[[-0.52883077,1.1465296]
,[0.85179776,-1.7983435]]
[[0.17697932,0.33678794]
,[1.0709926,0.23490015]]
[[0.7261761,-1.587557]
,[-1.8394365,0.73003405]]
[[0.31699684,0.27272254]
,[1.7904721,-0.8962431]]
[[1.0588222,1.8693563]
,[0.93641216,0.7634013]]
[[-0.24232286,-0.88225436]
,[0.33747116,-1.9452199]]
[[0.2415129,-0.10131978]
,[0.16346698,-0.6366981]]
[[1.5592556,0.84543127]
,[0.7406642,0.8580049]]
[[-0.02746148,-0.46218306]
,[0.61957085,-1.4909934]]
[[-0.46915522,0.98159593]
,[1.3094518,0.1339175]]
[[-0.551586,-0.23169692]
,[-1.8596157,-1.508187]]
[[0.7971551,-0.1460681]
,[1.2267382,0.7710859]]
[[-1.6896435,0.9652106]
,[-1.8224639,-0.42478803]]
[[-0.29001394,-0.5730164]
,[-1.9861407,0.0062385]]
[[-0.22326781,-0.24012512]
,[-0.32605147,0.5709139]]
[[0.21711223,1.3023988]
,[0.8994836,0.6390125]]
[[-0.5845659,0.3790293]
,[0.06373145,-0.17927667]]
[[-0.88458276,0.39382377]
,[0.4058522,-1.819659]]
[[0.4113719,-2.1514692]
,[-0.6805102,-1.5306491]]
[[0.36759973,0.43220875]
,[-1.0533882,0.50469]]
[[0.07927193,0.90334404]
,[0.3449835,0.4214715]]
[[0.9153649,0.11115101]
,[0.2741627,-3.0458634]]
[[0.7956373,0.30640185]
,[-0.5301979,1.6625377]]
[[-1.2934467,2.3060372]
,[0.03720061,-0.7691376]]
[[2.129359,0.14934465]
,[0.25795737,-0.2755923]]
[[-1.3207232,0.2542817]
,[-0.21204469,1.896644]]
[[-0.12420184,-0.1952178]
,[0.58394235,-0.5461628]]
[[0.646289,1.0258807]
,[0.42127952,-0.1466892]]
[[-0.21851586,-0.18182063]
,[0.8958505,-2.251464]]
[[0.79062855,-1.133766]
,[0.64473236,0.14946622]]
[[-1.1697094,0.70510274]
,[1.1710236,0.9182615]]
[[-0.39941704,-1.2802141]
,[-1.1708585,-2.1322377]]
[[1.1034937,-0.29835767]
,[1.1592375,1.11103]]
[[0.40494606,0.22324705]
,[-0.05968163,0.68562806]]
[[-0.54003257,0.44854903]
,[2.0859804,1.33872]]
[[1.3887486,-0.8707447]
,[1.6510769,0.5920306]]
[[0.6202189,0.02215569]
,[-1.9990615,1.5927953]]
[[0.4617896,0.21252112]
,[1.4978005,-1.1086301]]
[[2.1493914,-0.40343451]
,[0.03418893,1.0557075]]
[[0.00763179,1.2827046]
,[2.5610363,0.44399562]]
[[-0.43171388,-0.7511361]
,[-0.466321,-1.0964041]]
[[-1.6581774,1.7423623]
,[0.17319144,-0.9348382]]
[[0.9750755,-1.5573585]
,[-0.5438847,-0.7800585]]
[[-0.5822292,-0.20149615]
,[-0.5555784,0.48087308]]
[[0.6272428,-0.33676895]
,[1.1802108,-0.48731452]]
[[-1.3774904,1.5100753]
,[-0.65059805,-1.4371512]]
[[1.2269945,1.2923157]
,[-1.2841994,0.91989154]]
[[1.0476298,1.3036966]
,[1.218649,-0.81172526]]
[[0.5283131,0.99246824]
,[0.9474283,0.5066937]]
[[0.08668293,1.1827374]
,[-0.68334,-0.29018822]]
[[-0.9728995,-1.7549921]
,[0.12911382,-0.26770282]]
[[0.5233557,0.47428933]
,[-0.21862824,-1.0568726]]
[[0.16199692,-0.48610985]
,[-2.7760806,-0.68224925]]
[[-0.95406604,-0.07208459]
,[-0.12571982,-0.73244154]]
[[0.36797866,-0.3540823]
,[1.0809296,2.8088064]]
[[-0.5088864,-1.7070107]
,[-0.29768565,-1.2095755]]
[[0.6622644,0.04023962]
,[0.09693166,1.1250852]]
[[0.16938655,0.39243126]
,[1.1201744,2.4290519]]
[[2.0495768,-1.3881443]
,[0.8435109,-0.27235934]]
[[0.68834233,-1.5142361]
,[0.90648556,0.37581345]]
[[-0.9594311,0.34840485]
,[-1.1462928,0.56525016]]
[[-1.3024641,-0.27744544]
,[-1.5288754,0.27461755]]
[[0.6042966,0.09287918]
,[0.2416031,0.14846818]]
[[1.0164269,-1.738553]
,[-0.35719565,0.22419792]]
[[-1.7105477,0.48452553]
,[1.2535552,-2.4583735]]
[[1.2345645,0.93520826]
,[0.16098352,-1.0373102]]
[[-1.2284818,1.4945924]
,[-0.3164036,0.6149629]]
[[1.7069186,-1.279963]
,[-0.7737343,1.7234607]]
[[0.20653859,2.1994972]
,[0.5254709,-0.61469644]]
[[-1.361323,0.3948932]
,[-1.0980912,0.03141966]]
[[0.82118225,1.4913325]
,[1.2807729,-1.2337261]]
[[-1.7881427,1.217577]
,[-0.56565434,0.7362851]]
[[-1.7497108,-0.26511925]
,[-0.0101745,-0.02711611]]
[[-1.642169,-0.15650046]
,[1.1394852,1.2791013]]
[[-0.6076673,-0.38968584]
,[-1.1106995,-0.00276773]]
[[0.13800228,-0.49057174]
,[0.4225908,-0.6791438]]
[[1.469799,0.13476661]
,[2.3377404,-1.9405794]]
[[0.70931566,-0.4994393]
,[0.7073959,-1.2276001]]
[[1.5426887,0.7790829]
,[0.31806794,2.088582]]
[[-0.10182989,-1.1748383]
,[1.1041117,-0.29411933]]
[[0.10963902,0.5947267]
,[-0.119122,1.1070857]]
[[0.2207564,2.4198656]
,[1.3616645,-0.57109565]]
[[0.45508677,-0.36782768]
,[-1.5657122,0.7982947]]
[[0.17497031,-0.57937723]
,[-0.46454692,0.39326578]]
[[0.4021332,1.345067]
,[-1.2620562,-1.5906402]]
[[0.6969441,-0.16025206]
,[-1.7864801,0.26775402]]
[[0.21290705,0.29840386]
,[3.4785466,0.1541583]]
[[-1.0823663,-1.2361758]
,[1.2954278,0.7917842]]
[[0.67461485,-0.65048826]
,[-0.9847549,1.2662694]]
[[-0.2235006,-0.12961648]
,[0.8618345,0.4961605]]
[[-0.34333712,0.6007394]
,[-1.0578258,0.94807416]]
[[0.00522681,-0.49994144]
,[0.08784971,2.8549123]]
[[-0.64718044,1.4640809]
,[0.73035383,0.99766445]]
[[1.0753715,-0.23772888]
,[-0.19547544,0.11309548]]
[[-0.6118058,-0.4347284]
,[-0.64008874,1.847061]]
[[0.06692083,-0.0083394]
,[-0.13385898,-0.8247828]]
[[-2.430765,-1.9537954]
,[0.8068733,0.79225934]]
[[-0.5508004,-0.42733428]
,[-0.78340685,-1.6305147]]
[[-1.2352769,-0.49963713]
,[0.3585289,-0.41003585]]
[[1.7607516,-0.949046]
,[1.4354235,-0.04402781]]
[[1.0751724,-1.2020928]
,[-0.94516915,0.46658385]]
[[0.39422253,1.6143259]
,[-0.2795374,1.4036905]]
[[-0.18730806,0.03704277]
,[0.13457926,0.03433565]]
[[1.2317759,-0.75835973]
,[0.33214286,0.00291403]]
[[-0.4394148,1.4479599]
,[-0.9040106,0.2199103]]
[[0.19593655,-0.36395493]
,[-0.818018,-0.13317232]]
[[-0.5077864,-0.8193366]
,[0.08336955,-0.87447166]]
[[0.22532938,-2.0186098]
,[-0.61923957,-0.18460502]]
[[0.17755029,-1.9999748]
,[-0.22355978,1.1292024]]
[[-0.02856401,-1.1371495]
,[0.78658235,0.40534842]]
[[-0.6104505,-0.6950298]
,[0.40689972,0.07149428]]
[[-0.08979316,-0.50631064]
,[-0.05332259,-0.7943347]]
[[-0.15745471,-0.5819439]
,[1.0960093,-0.29822034]]
[[0.19578883,-2.5270722]
,[1.3362683,0.26560286]]
[[-0.08798264,0.6490242]
,[0.9063697,0.52285767]]
[[-1.0222745,1.2838583]
,[2.0005255,1.518281]]
[[0.49137142,-2.0768096]
,[0.91706777,-0.55612177]]
[[0.8229523,0.03226353]
,[-0.50512606,0.64197916]]
[[-0.73982716,1.7705408]
,[-0.01121643,-0.2874531]]
[[0.7998127,0.22404592]
,[0.47306135,0.28428254]]
[[1.5983287,-1.733885]
,[-0.29736623,-0.669798]]
[[0.95324886,0.54223025]
,[1.2040184,-1.569348]]
[[0.47780833,-1.5482453]
,[1.5586706,0.23763652]]
[[1.020673,-0.31818065]
,[-1.3958597,-1.0875828]]
[[1.4081635,1.0513222]
,[-0.3979149,-1.19166]]
[[0.7699974,-0.44746062]
,[1.0789018,0.2855114]]
[[-0.07131331,0.13730517]
,[1.5426089,0.48580965]]
[[-0.34727082,1.9227846]
,[-1.6506156,-0.64742273]]
[[-0.713907,-0.18062721]
,[0.53987986,2.4731464]]
[[-0.5542988,0.03004679]
,[-1.6466233,0.51653236]]
[[-1.2363521,0.53685075]
,[1.1657232,-2.057006]]
[[-1.09136,-0.9801917]
,[0.7800254,-0.13215406]]
[[0.9516307,-0.9220991]
,[0.06278706,0.950188]]
[[1.3960203,-2.1278994]
,[-0.66349757,-0.30569676]]
[[-1.1357756,-0.6065572]
,[-0.5683814,-0.7621329]]
[[0.6020483,0.94271636]
,[1.2577257,1.4820502]]
[[-0.46862033,-0.75876987]
,[-0.42498496,0.5052864]]
[[0.11421169,0.83196837]
,[-1.1043887,-0.9173748]]
[[1.3773634,0.38394904]
,[-1.0833778,-1.5284654]]
[[0.23140873,-1.2385615]
,[0.5176582,-0.09538297]]
[[1.4677371,-0.30348992]
,[-0.5394156,-0.9692065]]
[[-1.9404259,-0.4856331]
,[-0.68084055,-0.41213787]]
[[-0.89727974,-0.4720146]
,[1.5218582,-0.8039868]]
[[0.6141397,-0.18117157]
,[0.64437133,-2.2076025]]
[[1.1051134,-1.9581487]
,[-1.369373,-1.2382642]]
[[-0.67258096,-2.9117255]
,[-1.6383487,-1.1116273]]
[[-1.1521993,-0.51862127]
,[-0.50397974,-0.5938769]]
[[-0.04021791,-0.18330462]
,[0.14392792,0.4640253]]
[[-1.2222495,1.1075124]
,[-0.5788037,-0.41541657]]
[[0.9150767,1.5614083]
,[-1.1094812,0.21538675]]
[[-1.9832695,0.53271556]
,[-1.2125409,1.5524976]]
[[-1.3458922,-1.7109147]
,[1.1835978,-0.19076501]]
[[1.0437608,0.1512949]
,[0.70882845,-0.08487063]]
[[-1.9490987,-0.6684262]
,[1.025503,0.23213449]]
[[0.9875956,-0.7242347]
,[0.53880537,0.18135653]]
[[-0.11913968,0.54625124]
,[-0.14685777,-1.3085331]]
[[0.7258121,0.17219396]
,[0.74242264,1.7022823]]
[[0.34085807,-0.57236195]
,[1.1904,1.7370688]]
[[1.3588212,1.4233472]
,[0.81982553,0.34401062]]
[[-0.18884513,1.2692341]
,[0.71818215,1.6588817]]
[[0.882642,-2.3742979]
,[1.8475386,1.0273694]]
[[0.9079372,-1.1422584]
,[-0.21216662,1.0250992]]
[[-0.15251735,0.18446296]
,[0.01402712,1.0202988]]
[[-1.3667834,0.5319614]
,[1.1586169,-0.65416694]]
[[0.6073432,0.22162402]
,[0.8954323,0.29950985]]
[[1.6541959,0.07442921]
,[-0.12671505,-2.2504373]]
[[0.41458216,1.1802123]
,[-0.870088,0.0485741]]
[[0.29038602,0.92396384]
,[0.3712619,-2.7509043]]
[[-0.5684672,0.5334099]
,[-1.2669611,-0.2711178]]
[[0.4116553,-0.73870367]
,[1.5992725,-0.41638118]]
[[-0.81771845,-2.106102]
,[-0.8353753,-0.9244751]]
[[-0.07624298,-0.24573791]
,[-0.18258323,-1.0666448]]
[[0.30697697,0.9316722]
,[-1.408286,-0.28536674]]
[[7.4258529e-02,-1.6432342e-03]
,[8.6430752e-01,2.2708232e+00]]
[[-0.4822453,0.91023284]
,[-0.05990063,1.1800908]]
[[1.5332934,0.961917]
,[-0.80231,1.5658945]]
[[-1.1615273,-0.5089067]
,[0.30044186,-1.3275934]]
[[-0.41747445,-0.31724373]
,[-1.0674354,-0.03414887]]
[[0.23281516,1.6604414]
,[-0.17457975,0.78988314]]
[[-0.099608,-0.6452509]
,[-0.46308297,2.9050465]]
[[0.70468134,1.701981]
,[-0.19197458,-0.17160137]]
[[-0.7985747,1.5339711]
,[-0.10009954,-1.1753497]]
[[0.9988383,1.0868299]
,[-1.5339173,-0.42355782]]
[[1.863096,0.9576262]
,[1.4939071,0.0966635]]
[[0.23399045,-0.03980067]
,[0.45907044,0.37568128]]
[[0.66091996,0.8852513]
,[-0.9902967,-1.2508445]]
[[-0.8894272,-1.1185381]
,[0.93124324,-0.55542004]]
[[-0.45220146,-0.71098506]
,[0.57766134,0.59034735]]
[[0.72377145,1.212334]
,[1.8895454,0.67707884]]
[[1.94084,-0.8617449]
,[-0.14245424,0.71578723]]
[[-1.003132,0.55007267]
,[0.92228276,1.3572077]]
[[1.5684882,0.43648893]
,[-0.32756972,0.02441564]]
[[-1.6708579,0.7839307]
,[-0.66667086,0.78576636]]
[[-0.887341,1.0006458]
,[-1.7030445,-0.35597065]]
[[0.29837382,-0.3567363]
,[-0.58938277,0.30748695]]
[[0.22974043,-0.34755751]
,[-1.4909567,0.10635636]]
[[-0.58974326,-1.2409797]
,[1.4984951,-0.43347162]]
[[-0.04590077,-1.1340642]
,[0.9623505,-0.15655488]]
[[0.20466694,-0.31650484]
,[0.600396,0.925526]]
[[0.20328192,1.4697169]
,[-0.29792508,0.73654056]]
[[0.41240552,-0.00087359]
,[-0.71469253,-0.45184088]]
[[0.48040336,-1.3821338]
,[0.93009263,0.12042069]]
[[0.14336233,1.937103]
,[-1.2796057,0.5978675]]
[[0.1045569,0.56075174]
,[1.0488325,0.3438856]]
[[0.59291327,0.8214564]
,[0.36794809,0.9148657]]
[[0.9018137,-0.58178604]
,[-2.9185116,-0.45720527]]
[[-1.2449547,0.2891181]
,[-1.6362768,-1.3695782]]
[[0.25482044,0.104261]
,[-1.4402757,-1.0739673]]
[[-1.5221044,-0.74199855]
,[-1.7474971,-0.01128566]]
[[-0.2691676,-0.2052334]
,[-1.2695866,-0.23677984]]
[[-1.9158573,-0.32602152]
,[-1.2674849,-1.5720121]]
[[-0.35097587,0.8846844]
,[1.033782,0.3367994]]
[[0.78426945,-0.01086897]
,[0.07847153,-0.48660928]]
[[0.7579852,0.7988895]
,[-0.49230507,0.52403027]]
[[0.06367009,1.3620737]
,[1.4257197,-2.4803247]]
[[0.25656942,-0.43809026]
,[-0.6831402,1.3163284]]
[[2.1861947,-1.8791093]
,[-0.9649378,1.5507495]]
[[1.9623116,1.1638552]
,[-0.91580373,0.01561101]]
[[-0.43735695,-0.6938828]
,[-1.3552207,-0.92786]]
[[0.19968285,-0.69042224]
,[-1.7276647,0.31471613]]
[[0.3639882,0.10044964]
,[-1.5557956,-0.13508818]]
[[1.015853,-1.7376406]
,[-0.9569151,-0.28148684]]
[[-0.17086287,-0.952489]
,[2.2101016,-1.1836276]]
[[0.6750507,0.06788383]
,[-0.1578684,-0.11815589]]
[[-0.7705117,1.8290342]
,[-2.1043115,0.26083955]]
[[-1.0871392,-2.0044832]
,[-1.045798,-0.3727101]]
[[0.780112,-0.52366894]
,[0.7220787,-0.06607998]]
[[1.1753583,0.28211206]
,[0.0078801,0.10344984]]
[[-1.1007752,-1.4160577]
,[-0.70146394,1.7254394]]
[[-1.3037746,-1.6148014]
,[0.61962175,-0.9084054]]
[[0.8759448,-0.17943764]
,[-1.1985476,-1.0948129]]
[[-0.8794376,1.0112169]
,[0.3028387,-0.17372486]]
[[-0.60490614,0.49976584]
,[-0.17145462,0.11123254]]
[[-0.51321375,-1.0925212]
,[-0.58128136,-1.6350039]]
[[0.5907061,-0.42994365]
,[0.30075598,-0.5713276]]
[[-1.702355,0.16426265]
,[0.47450194,0.5459545]]
[[1.1540735,-0.27076003]
,[-0.21539515,-0.5747137]]
[[-0.8520662,-0.66817635]
,[0.71714365,-1.4015449]]
[[-0.77975315,-0.85642546]
,[1.5093578,-2.3190978]]
[[-0.25472763,-0.5767972]
,[0.22536604,-0.9507565]]
[[-0.5202279,1.554716]
,[-0.40325972,-0.39983445]]
[[0.81439686,-0.71476823]
,[0.9649635,1.6612381]]
[[1.5240499,-0.28168288]
,[-2.0578003,0.11305675]]
[[0.09937707,0.37891456]
,[1.0727544,1.0864924]]
[[1.0615132,-0.5643929]
,[-0.74419993,-0.39005727]]
[[-1.0594097,-0.89747655]
,[-0.6821832,1.3722539]]
[[-0.8875581,-0.6082527]
,[-0.35247898,1.6171074]]
[[-1.8351244,-0.24917305]
,[0.43348226,0.28881407]]
[[-2.6913707,-1.2164025]
,[0.45636007,1.3199475]]
[[-0.5388619,0.7728389]
,[-1.3480799,-1.480209]]
[[0.33411044,1.1598132]
,[0.2695086,0.15783471]]
[[0.14792421,0.4205027]
,[-0.10246925,-0.09631149]]
[[-0.07784723,-0.5178859]
,[-0.03255496,-1.2707474]]
[[-0.46328846,0.45874715]
,[0.09567191,-1.2223927]]
[[-1.4826832,0.44458458]
,[-0.8096783,0.86341935]]
[[1.403924,-0.48606458]
,[-1.1147071,-1.8828598]]
[[-0.4133291,-0.74152863]
,[-0.4402596,0.85124624]]
[[0.01282108,0.42146954]
,[-0.42088777,0.5826593]]
[[-0.5534708,1.8866161]
,[-0.05911811,0.22667633]]
[[1.922333,-0.5533221]
,[0.7583214,-0.41779613]]
[[-2.3061526,-1.2898988]
,[-0.6285297,-1.5633906]]
[[0.8400935,-0.7462073]
,[1.4106823,1.7140526]]
[[-1.4256796,-0.0394358]
,[-0.16963598,-0.30767193]]
[[-0.7224405,-0.2708231]
,[-0.9387459,-0.4803777]]
[[-1.2214886,-0.22530998]
,[0.32032084,0.9193644]]
[[0.39138,0.257469]
,[0.4357275,0.58176225]]
[[-0.02700504,-1.8059481]
,[1.5466185,1.114645]]
[[1.0722759,1.3478625]
,[1.4514322,-0.725461]]
[[2.092668,-0.68519044]
,[-0.05738117,-0.6323509]]
[[1.7083768,0.10651871]
,[0.89851856,0.15353987]]
[[1.1534154,-1.4407644]
,[0.46814096,0.9505767]]
[[1.396691,-0.34256268]
,[-0.7947256,-0.8379049]]
[[-0.8839661,1.4046237]
,[1.0183216,0.9560191]]
[[0.71875185,0.08636072]
,[0.3240321,-0.20695965]]
[[-1.1657025,0.2167265]
,[0.19908053,1.1984323]]
[[-1.4433334,-1.567667]
,[-1.4819663,-0.5240135]]
[[0.80353504,0.48093382]
,[-0.70661867,-0.55631834]]
[[0.27237633,-1.8577251]
,[0.3674794,-0.10111446]]
[[0.8717566,-0.5327439]
,[1.6034511,0.78535914]]
[[-0.40982917,-1.6136056]
,[1.0260366,-1.463294]]
[[-0.49164584,1.1491274]
,[0.00249667,1.406451]]
[[0.39377952,-0.76647115]
,[1.6706119,-0.49466333]]
[[0.04872356,-0.47883636]
,[-0.52951247,1.5507526]]
[[0.9549026,-0.43793315]
,[-1.15618,-1.1226104]]
[[0.3059612,0.7743869]
,[0.3243536,0.46813133]]
[[0.14260192,1.0872694]
,[-0.24750601,-1.984638]]
[[0.49591553,-0.29982537]
,[-1.2509292,0.69224465]]
[[0.51655674,0.24444138]
,[0.27811873,-0.6141695]]
[[-0.7236874,0.20464744]
,[-0.9752016,-0.15700269]]
[[-0.55735433,0.8667729]
,[0.7867202,-0.3294302]]
[[0.8018489,-0.4700621]
,[1.3502039,0.04078971]]
[[-1.8479538,0.4614326]
,[1.2055756,0.93517226]]
[[1.9158384,-1.1022592]
,[1.4038258,2.8166525]]
[[-0.26861477,1.1743952]
,[-0.31967494,-0.4753101]]
[[-0.85069424,0.03454927]
,[0.31755042,-1.8156698]]
[[-0.13590162,0.22785172]
,[-1.72688,-0.23146486]]
[[-0.23234236,0.37255678]
,[-0.27118692,-0.5732534]]
[[-0.6150897,1.4283615]
,[1.2244555,-0.7396707]]
[[1.0721914,-0.53491014]
,[0.23311822,-0.9386335]]
[[8.6553252e-01,-3.0412987e-01]
,[-5.2310270e-04,4.8859465e-01]]
[[-1.1517575,0.4130699]
,[-0.48364332,-0.16623382]]
[[0.38595876,1.3507292]
,[-0.7084511,1.7913548]]
[[-0.7372417,-0.46861118]
,[-0.82622796,1.1463599]]
[[-0.7301308,-0.40976363]
,[0.77810353,-1.4739611]]
[[-0.0211005,0.0963245]
,[-0.31665012,0.5785053]]
[[0.40647617,-1.1613145]
,[-1.1441813,-0.72730255]]
[[0.88278925,0.39125928]
,[-0.1753421,0.43999645]]
[[0.95270616,-0.01985399]
,[0.47053224,-2.4688344]]
[[0.8382873,0.03625256]
,[0.1827307,-0.8179217]]
[[-0.03670293,-0.14339963]
,[1.4962126,-0.6899522]]
[[-0.2183483,-2.07514]
,[0.8028858,1.6740478]]
[[0.7985787,-0.8636981]
,[-0.7288235,-1.3421332]]
[[-0.38967976,0.61698854]
,[0.86822873,-0.8354482]]
[[-0.11289565,0.25937742]
,[0.9111101,0.5188173]]
[[0.3165656,-1.6488608]
,[-0.1920051,1.0967504]]
[[-0.7294529,0.328612]
,[0.41224623,-0.49360847]]
[[-0.15297699,-1.6587574]
,[0.6282754,0.28255105]]
[[-0.52875835,0.67684865]
,[0.8980926,0.75055313]]
[[0.9528526,-1.8592981]
,[0.89269805,-1.0545248]]
[[0.6118999,0.66763926]
,[0.11760126,-1.3439587]]
[[0.54405063,-0.55860007]
,[1.8011398,-1.5788325]]
[[1.0971014,-1.2867314]
,[-0.35832757,0.65072185]]
[[0.60728675,0.39617714]
,[-0.05555565,-0.03697953]]
[[-0.6945073,-0.48392996]
,[1.2027943,-0.81098354]]
[[1.4825319,0.5260432]
,[1.056764,-0.44495893]]
[[-0.6542301,1.1854765]
,[-1.7069786,0.7490949]]
[[-0.18400243,0.18683174]
,[-0.10799573,0.19901553]]
[[1.6043957,-0.6688147]
,[-0.09039815,0.0171874]]
[[-0.48099038,-0.9842408]
,[-0.0833827,1.2502726]]
[[0.38865873,-0.9109234]
,[0.60845435,-0.00857645]]
[[-0.40948686,-0.0501192]
,[-0.13095573,0.45595828]]
[[0.13987361,1.2206185]
,[0.2971389,0.47889993]]
[[0.7186194,0.8584991]
,[-0.70792806,-0.16882469]]
[[-0.4817733,-0.00601002]
,[-2.241288,0.92085505]]
[[-0.6770164,-1.0555477]
,[-0.14475353,-2.3314104]]
[[-0.9758982,1.2874606]
,[0.04693876,0.46433654]]
[[-1.6711026,-0.29525894]
,[0.28624102,-1.058561]]
[[-1.0780361,2.4181259]
,[0.7969384,1.2276803]]
[[0.11717663,1.5336596]
,[0.95428604,-0.17969605]]